1. (0,0)-(0,1)-(1,1)
2. (0,0)-(0,2)-(1,1)
3. (0,0)-(0,2)-(2,0)
4. (0,0)-(0,2)-(2,2)
5. (0,0)-(1,0)-(1,1)
6. (0,0)-(1,1)-(2,0)
7. (0,0)-(2,0)-(2,2)
8. (0,0)-(2,2)-(4,0)
9. (0,1)-(0,2)-(1,1)
10. (0,2)-(1,1)-(1,2)
11. (0,2)-(1,1)-(2,2)
12. (0,2)-(2,0)-(2,2)
13. (0,2)-(2,0)-(4,2)
14. (1,0)-(1,1)-(2,0)
15. (1,1)-(1,2)-(2,2)
16. (1,1)-(2,0)-(2,1)
17. (1,1)-(2,0)-(2,2)
18. (1,1)-(2,0)-(3,1)
19. (1,1)-(2,1)-(2,2)
20. (1,1)-(2,2)-(3,1)
21. (2,0)-(2,1)-(3,1)
22. (2,0)-(2,2)-(3,1)
23. (2,0)-(2,2)-(4,0)
24. (2,0)-(2,2)-(4,2)
25. (2,0)-(3,0)-(3,1)
26. (2,0)-(3,1)-(4,0)
27. (2,0)-(4,0)-(4,2)
28. (2,1)-(2,2)-(3,1)
29. (2,2)-(3,1)-(3,2)
30. (2,2)-(3,1)-(4,2)
31. (2,2)-(4,0)-(4,2)
32. (3,0)-(3,1)-(4,0)
33. (3,1)-(3,2)-(4,2)
34. (3,1)-(4,0)-(4,1)
35. (3,1)-(4,0)-(4,2)
36. (3,1)-(4,0)-(5,1)
37. (3,1)-(4,1)-(4,2)
38. (3,1)-(4,2)-(5,1)
39. (4,0)-(4,1)-(5,1)
40. (4,0)-(4,2)-(5,1)
41. (4,0)-(5,0)-(5,1)
42. (4,1)-(4,2)-(5,1)
43. (4,2)-(5,1)-(5,2)
